$ANSIBLE_VAULT;1.1;AES256
36373961656463633334306462366137643933636231386561363033373030356563393535346631
3737313339363265646131626131666561303338313934360a336535336463343262623236336139
38306634353164333865393338326537616465643263653563373435396438633762303036653564
3635653561663237320a626165363836383633366138333566356264363966303961386564363033
34313861376339323661346239393039353338306535323837396332333434656565616662613638
31613637373062663931336238313463323365356665623930366465613962623064353134393333
37643138373364306436363333393930386164323837396534653039616665656231653763366664
37653235346433366535326261373361343835616539633233333132323961656262346537313464
33623733366533373338316439343036353234386666306332616532353337653432626364636335
61356230343838383164376437363932333661633334393064326239303361356234376337643133
64343237306461633666623661396634393336666262336139393535313331303332616231323137
64313664366533306134333662366539636337353163306566333336356633303565633436616637
35316565366561663433633235363366653231643636613362313536663836653736326537333835
34623866613966613333646635346662643731396261666235633733363963313433303961656134
33393461653331336562313265636538343062616139663939663936376566393363343131633535
33333966616232313730396336613964343133353461393262323330653966323831303138366266
34306531633061373230376637396330393531303036643965633766316162363766656663663334
32356432613464323933613430366637353232623834663732346164363339313037633166656230
64636231353231343537633038623835343235336435343039343963303765343136636432303366
31653530633966353765346238616362376539373135623865326530363135663464346562616137
30313962363461623034613763636639373734663334376439333332613366383463363462303835
61616235333031616639663839353465396534376563646437663036666266306535303362393336
37393237653434373439653663393133363630636466393062353662613533376566663730616530
34623134613862623462626163313361613139633461363237313563616339626532353333376333
32363238306139333032356337663064316564396230646630666530356330636562646632363265
66663464343533396132363364333164353466343737383232343230306535333264316535373564
30303930313333366364336237316631616239363964616330346130383436353237353963613565
64666130383430333936313562643136646539306264663531316466393863643030393738613164
61363061336236386332663339303033343237613138363034663061643162663832396462356130
61633739373237623561323134666430376338656132333235643761303930646432623630353639
36333432633437626166393431626664666362356539623337303166613436633866643462363039
32393039383766626637613464663361346132626466646438623738326634393934643365373365
64373033303364383238303336616336326636336335343630626261646666633432376539636337
36653132363132393838343765633662643537333832393835616439386138346632383366636565
36343262613633356230366636313131313332373366616636346630623863313663363735316130
38643639366664336264323935323337356331393531363735373162343364306366653439393139
31393336633834383061346466353864313039613565363936363037663166656361646434373066
38376230333166623161616434303939626566646233313339383265646362363635346532663539
63666462373937623332343766333066626538356563313563313337613139636263366235646630
37306566383731383438363864363364393438393264326130393766656334663231303165646562
61653636626132386635396362343635376638396537653634376430653663333566363836363133
65653762336639613162616530373463613633653564313733653333336238346535306361353836
39333738653731633132653161643039323736626337613863626133373363303466363064663161
36623062313130653834626636666230346162386639653235373461346465356535653366313434
39383430393636366362616434333933653866343236303566353066336562393535646161306161
31323032666666326633303137656666623862646239383162636631336232313261346130633861
31326563346162306266633831323163376561616339323934393435643961343936316131346537
38363665393436623038336664313864663861396564386463393061303539313262613463666162
37633463356361313335306235643431623234373230336131343630343037356163393932363037
62383164623563316633643764336638373134613632326237366333323164303261333137316239
63383339316166613430306537613234623163323361643532633531366563353862303233353739
37316435373864643962616563626463316635343261613165323939633266303730373832623831
62616636633139613563333434366533616439336265613665373863303365653237383732643737
61383866333439313634393663623436613537336234313937343931316334636633356231626530
63333138353261316466363336383435333962306265363634646431656665623933623836616435
37663265316563626636313232343566373730396337383262303564643036666237383866666264
32366236643661303161656234383766353165383366363233353961383063613334663665653936
30623966626164313066633162346638333836343031356336623834393232643831643234316230
31633136613730333034666233613363323165363530616561346334383162626666373535646438
39363439333563356535383233316130373737323134653363366465643734653265336130303964
65343236663033376134613665306237376437393331313638353635333761383663663834396436
30633334613761623263653535303436303061653133366530613932633537636231313338646564
65636463313236396435363839306335393335616161653939643435343830323135346162363966
65653664313561343035326165633066383836363464333863393235626164646262383664646139
35336464613035336662346537616237306637623632633136363139623336346633616230313432
64636534383964393830313539653061313231303830303933636632636339656139636566663132
30313935393331313764333030613238346433646561306163383461633838356232633438653637
34643633343239336266343561363164313563306666613339666663303062356330323232376334
65343038653830343138373637356539386539656632613938383161623931386634633262663632
65663062326638373438663166376565616432343330336163356139313033623435333839346438
34633762303139353731363664656662653061386433346434613763313439343937373138633361
30386334396436313462316262613662386563663062643661616366636133623837376235363733
64343965636163333037353637323230346133396134373330656531353466666262383536636664
30646638383962396163376536663562366161313335396238623762363066633533393236363730
62343032353335313235383664623138646631666263623933636665356531313039393961626633
33316562336630326534383433366337653965313663643965613736653163336330336235303234
34333730323830353732366262613132396561623631623965313533343562373034373064383836
30323063656565383139613036633361663163663865653134383664623266316333323630303364
66376563303031343564643561343334323633656434663835346437326232323534616235623532
38663463343837346631613037646130306238376533383631343765306463323935346534306439
36636665353066306637353738316334353066303862656637653861393238333764366165643536
32666362383939346465333762643564656136646565653661346633396435393064323964613436
37303030373661333939333831383364333837653733306630323565646261633138666639643039
34303032613030396133613631326433336131633631346466613765396532646362663437623935
66633061393839626639323035646461613931366133373137393439336562663964323533303632
66653133343964356534336637383335303937366234373932633236613337383230663637663531
62366136343062343436306166336230303565653762333365393065313261343935303937646432
31623836303035653533333533643934376563346336336663633638343361333764373332653636
33666266333931333439346264646364613937663561373463623337383530356436363166336130
38663261636231366565316339633134383562643765663534383162633939383365363639626333
34323535353362393863656466386137623330663431646131366236306564656630613933363938
30396539356433333931376633393439653134356533346465666436393865646365363062313466
33313337333138646131343965623963313065666535666236656334313131643130653664343135
61623162316430353730376661383736363930333531643138306334343461633966336566356465
30373730663231323938623238326335343861663562366432356639363033663433623034623563
66373961613730363933366464623939636138323333333961393630323664373239363534363062
61313465383134366634386266623063383136363837373435306335316266306436326638333234
64636434313733653336623735623130376134353462366134633262366139386635366530643139
36396436633532646539316565373762333339646134313832343538326666373862393631363361
65633230636332393236356639343537313435636463653230323435613733383932326564336566
34376534363139633263343336663838376232326165376336373633326337643165613962376162
31626434656631613866333662356664333964326435383637646461366332373834646666613337
31653436623663383266643039363064616637303132613964346431616534396533376537333665
61356265656430643437613866393931396333313035356466353334643131613539386661336336
33333332356261613932323036396431343333373339333066313531316662303864366633643133
33333834316431613938363230626331613837323934643366613439643062663931366566323963
33356330633365633165656334393364386263636137393331333533336638353065393339353164
66343066663261613265626466393462346530646430376666343233336333666136393531663062
62323965343263353737616238353439663865316136353730623633636139363934626239313330
30313639653738613633623039386138353031326430393332636162343632663864663730346230
34663262643264393963313636383337306666323662393961383330346162663466323532666564
37643064393463323438653538623139393065353934316336623736623731643331666136353633
63323064643436633861626236383031663131623937613336366139653139363166356437303734
38346530343832373637333065643332636234633765613366356133323564306635396664386433
37376462366665613939643530633866623533646533383937316337633131633635353331373633
31313234333437636165393636306561323466353963656134633039316339366361646161643064
31373530633835323135633735303833313065653335386236646561653539313434356462333833
35336537396237333535333963366130346565366162396532396265383665666239653366306165
62316636333834643165353433623136663739306435626332333934616437343239343430643866
38643061616437633766663166353837313535616436643833613132393139343530653933363964
62643063303965323862336535636433366437303634636562353062633136343838643661303434
31623838653737626664626536623135663036343034633530356330333033376665393538626134
66353766333365653539386632633164353438616132636237653237663137336565353837383534
39623532363731613835396633366166616531663333643763643866626532646134333431666564
35363366623062303137656135633137336638613431376635323766316664353365326262376534
33616266373562333133656438383261636461376335616232346563656464363838353864623863
33373033393834356563316465383766306164653231623133323534383665303336396661326435
65393532383732386362333434316263623839626339316137343163316232653263333163623638
37663863653766643532353863353930363966353138626235343836313764393633366232346439
30373538316531373162316132623631343264623036616665313964383461633738373531353434
34386535623534306434663136353231666637633665326463313437323234393137656433363335
66353237613033646539663539666330303335373930626663643836353831656434373764383031
30613939656436326530303734613961626663346136373135383530313664346332353461643366
30613765303038316537646538386264643363363130653834626231666163643238336161353539
65666434323166343039656138303763326162353566636531653737353738373936333931626262
34326166653135653764386464316333316164653830393061376461356330373364326533393266
64663133333565613431626638386232356432653438626632356666313565626236616164373034
63326534333839336435646330313739363564626430393837303965663961306665383939376466
38653033353064666433353566323230323965653438383464313536636337393638353765663432
61376166616533646466653561616264366334623236613164316232383761616330383131356532
66643163623234343036326432626232326265333165313132363739616537393137633064363830
63633533636236343066346233623234313230663465623530363135383236353838396331323136
37333732646537656630363562646261353161643861646264383334613162356666626365663532
34363062366130363234383333333839393833633732663334303330393163663266333036633437
61343731303034353733646239356265393466363737636535343862333336346434656233636162
62346562346262663765306433303630666261393338376538656138346432326233356663633666
64633732323031343833396336623337373431633961656630376132326137333062643339643761
34633166623864373864626633373464616262343839373462343030666233653064386362306439
38383134303632306234626231366238643030653066326239653563363234326334616162386132
31663963396233363436373036623937626265666164326561326539356134623436653361663538
65383230623536646361313461636537363630326536633062643333663765613334303639646562
65643930363039313565623036316639613562633231313031343830356464616135353739626239
39326137393062616336636330343934336166303638396264313030366632306338316265363036
66636336663139613833353834346437646561386433313835633131613263316265623030383764
33323866643134623961623539306164393834616637323032336537623833353435383765666235
63306666396166383661646462353132656136373636383136356530393366343366383339663738
66386636663439316237636434666563353230623262376661613564663738353165303964383234
36623065636132656637343630383037396235303866353264616634646636396535373432356133
36323036666432663566343865663631643766633436643765343236383633313461396164366164
33323936613435383565313731303737313965353833663432663135343738616235386238396265
30393866616138633034356130653364313066656665356466633730393431616533363038346138
31636533343234343162383264393961383336303365646562303166303132323434333338363033
62636236613566393635343338633131366530653936666663393139636162323433336634303763
37613762663731616466323561616364616532393365343366636465386464613430653665376264
62656432303033316430666335376665373763623635636435353261383330323633636665653237
33363964356364326264653762373635643430366666323335333062633833313865323533633736
39333062636230326233646266303536363135646334326139646536303766316332323536333261
33323363373835383230
